Iter | Sampling Pol | Evaluation Pol | Best (Sampled) 
   0 -4919.05 -2151.58 -100000000.00 
   1 -4887.68 -4312.12 -4919.05 
   2 -4911.31 -4746.87 -4887.68 
   3 -4887.92 -3605.28 -4887.68 
   4 -4919.19 -3867.83 -4887.68 
   5 -4884.73 -4172.08 -4887.68 
   6 -4927.66 -4083.14 -4884.73 
   7 -4872.86 -3986.36 -4884.73 
   8 -4886.12 -4448.24 -4872.86 
   9 -4884.30 -4386.47 -4872.86 
  10 -4903.17 -4368.88 -4872.86 
  11 -4913.03 -4036.09 -4872.86 
  12 -4905.04 -4138.49 -4872.86 
  13 -4903.08 -4124.73 -4872.86 
  14 -4882.19 -4539.47 -4872.86 
  15 -4893.49 -4278.61 -4872.86 
  16 -4887.62 -4438.78 -4872.86 
  17 -4908.26 -4482.43 -4872.86 
  18 -4854.26 -4456.38 -4872.86 
  19 -4883.02 -4477.37 -4854.26 
  20 -4904.26 -4515.96 -4854.26 
  21 -4861.35 -4517.82 -4854.26 
  22 -4903.83 -4587.39 -4854.26 
  23 -4856.10 -4633.74 -4854.26 
  24 -4899.07 -4616.91 -4854.26 
  25 -4932.60 -4579.95 -4854.26 
  26 -4886.49 -4647.49 -4854.26 
  27 -4870.31 -4603.22 -4854.26 
  28 -4874.32 -4751.75 -4854.26 
  29 -4882.04 -4738.05 -4854.26 
  30 -4862.38 -4730.22 -4854.26 
  31 -4817.08 -4737.50 -4854.26 
  32 -4868.91 -4742.74 -4817.08 
  33 -4879.78 -4730.66 -4817.08 
  34 -4862.39 -4716.98 -4817.08 
  35 -4822.18 -4721.87 -4817.08 
  36 -4874.58 -4743.31 -4817.08 
  37 -4806.48 -4768.77 -4817.08 
  38 -4838.88 -4751.41 -4806.48 
  39 -4842.95 -4762.29 -4806.48 
  40 -4833.05 -4787.49 -4806.48 
  41 -4838.60 -4749.99 -4806.48 
  42 -4857.07 -4751.48 -4806.48 
  43 -4839.46 -4760.87 -4806.48 
  44 -4807.77 -4749.19 -4806.48 
  45 -4869.61 -4549.18 -4806.48 
  46 -4807.17 -4690.70 -4806.48 
  47 -4845.55 -4766.75 -4806.48 
  48 -4763.48 -4682.19 -4806.48 
  49 -4854.96 -4782.47 -4763.48 
  50 -4839.69 -4709.57 -4763.48 
  51 -4820.32 -4707.12 -4763.48 
  52 -4867.49 -4787.32 -4763.48 
  53 -4840.87 -4803.99 -4763.48 
  54 -4800.05 -4654.81 -4763.48 
  55 -4797.40 -4687.61 -4763.48 
  56 -4815.18 -4742.47 -4763.48 
  57 -4836.83 -4842.93 -4763.48 
  58 -4801.18 -4726.95 -4763.48 
  59 -4800.83 -4750.89 -4763.48 
  60 -4778.00 -4874.27 -4763.48 
  61 -4814.02 -4809.29 -4763.48 
  62 -4814.90 -4864.07 -4763.48 
  63 -4804.24 -4819.27 -4763.48 
  64 -4750.20 -4662.80 -4763.48 
  65 -4782.28 -4824.50 -4750.20 
  66 -4778.42 -4832.06 -4750.20 
  67 -4786.39 -4820.52 -4750.20 
  68 -4759.44 -4782.20 -4750.20 
  69 -4786.39 -4594.90 -4750.20 
  70 -4816.81 -4823.91 -4750.20 
  71 -4667.63 -4844.47 -4750.20 
  72 -4756.43 -4772.03 -4667.63 
  73 -4732.37 -4407.72 -4667.63 
  74 -4810.23 -4601.09 -4667.63 
  75 -4787.91 -4556.91 -4667.63 
  76 -4756.51 -4553.87 -4667.63 
  77 -4769.15 -4752.91 -4667.63 
  78 -4704.31 -4607.17 -4667.63 
  79 -4727.68 -4725.56 -4667.63 
  80 -4773.63 -4583.43 -4667.63 
  81 -4730.63 -4551.50 -4667.63 
  82 -4757.23 -4491.18 -4667.63 
  83 -4740.56 -4621.68 -4667.63 
  84 -4747.70 -4654.02 -4667.63 
  85 -4735.80 -4739.65 -4667.63 
  86 -4750.23 -4218.68 -4667.63 
  87 -4695.46 -4204.85 -4667.63 
  88 -4766.05 -4311.90 -4667.63 
  89 -4643.44 -4285.99 -4667.63 
  90 -4688.63 -4056.47 -4643.44 
  91 -4685.37 -4042.64 -4643.44 
  92 -4704.90 -4104.29 -4643.44 
  93 -4717.26 -4041.67 -4643.44 
  94 -4704.58 -4316.82 -4643.44 
  95 -4537.26 -4254.75 -4643.44 
  96 -4654.55 -3648.89 -4537.26 
  97 -4674.50 -4001.61 -4537.26 
  98 -4712.51 -4037.63 -4537.26 
  99 -4671.17 -4024.01 -4537.26 
