Iter | Sampling Pol | Evaluation Pol | Best (Sampled) 
   0 -6.17 -4.79 -100000000.00 
   1 -5.88 -4.77 -6.17 
   2 -6.22 -4.78 -5.88 
   3 -6.11 -4.75 -5.88 
   4 -6.13 -4.70 -5.88 
   5 -5.99 -4.70 -5.88 
   6 -5.97 -4.66 -5.88 
   7 -5.81 -4.65 -5.88 
   8 -5.80 -4.66 -5.81 
   9 -5.64 -4.61 -5.80 
  10 -5.50 -4.56 -5.64 
  11 -5.36 -4.56 -5.50 
  12 -5.39 -4.56 -5.36 
  13 -5.31 -4.57 -5.36 
  14 -5.45 -4.55 -5.31 
  15 -5.36 -4.57 -5.31 
  16 -5.27 -4.57 -5.31 
  17 -5.29 -4.56 -5.27 
  18 -5.30 -4.56 -5.27 
  19 -5.22 -4.54 -5.27 
  20 -5.20 -4.49 -5.22 
  21 -5.28 -4.51 -5.20 
  22 -5.30 -4.55 -5.20 
  23 -5.27 -4.57 -5.20 
  24 -5.06 -4.57 -5.20 
  25 -5.08 -4.56 -5.06 
  26 -5.12 -4.55 -5.06 
  27 -5.03 -4.54 -5.06 
  28 -5.11 -4.53 -5.03 
  29 -4.99 -4.52 -5.03 
  30 -5.07 -4.55 -4.99 
  31 -5.02 -4.58 -4.99 
  32 -4.96 -4.55 -4.99 
  33 -4.97 -4.51 -4.96 
  34 -5.00 -4.48 -4.96 
  35 -4.90 -4.47 -4.96 
  36 -4.92 -4.47 -4.90 
  37 -4.88 -4.44 -4.90 
  38 -4.91 -4.41 -4.88 
  39 -4.79 -4.41 -4.88 
  40 -4.83 -4.39 -4.79 
  41 -4.77 -4.38 -4.79 
  42 -4.80 -4.40 -4.77 
  43 -4.79 -4.39 -4.77 
  44 -4.75 -4.40 -4.77 
  45 -4.74 -4.40 -4.75 
  46 -4.72 -4.41 -4.74 
  47 -4.73 -4.40 -4.72 
  48 -4.77 -4.35 -4.72 
  49 -4.67 -4.35 -4.72 
  50 -4.69 -4.34 -4.67 
  51 -4.65 -4.29 -4.67 
  52 -4.69 -4.29 -4.65 
  53 -4.69 -4.27 -4.65 
  54 -4.64 -4.25 -4.65 
  55 -4.67 -4.23 -4.64 
  56 -4.65 -4.24 -4.64 
  57 -4.66 -4.22 -4.64 
  58 -4.65 -4.22 -4.64 
  59 -4.63 -4.21 -4.64 
  60 -4.62 -4.21 -4.63 
  61 -4.61 -4.22 -4.62 
  62 -4.56 -4.22 -4.61 
  63 -4.62 -4.21 -4.56 
  64 -4.54 -4.24 -4.56 
  65 -4.54 -4.26 -4.54 
  66 -4.52 -4.27 -4.54 
  67 -4.52 -4.27 -4.52 
  68 -4.53 -4.27 -4.52 
  69 -4.51 -4.25 -4.52 
  70 -4.53 -4.22 -4.51 
  71 -4.51 -4.25 -4.51 
  72 -4.51 -4.26 -4.51 
  73 -4.45 -4.23 -4.51 
  74 -4.47 -4.25 -4.45 
  75 -4.50 -4.24 -4.45 
  76 -4.46 -4.23 -4.45 
  77 -4.40 -4.23 -4.45 
  78 -4.43 -4.21 -4.40 
  79 -4.42 -4.20 -4.40 
  80 -4.39 -4.20 -4.40 
  81 -4.41 -4.23 -4.39 
  82 -4.36 -4.27 -4.39 
  83 -4.35 -4.22 -4.36 
  84 -4.39 -4.22 -4.35 
  85 -4.35 -4.24 -4.35 
  86 -4.40 -4.18 -4.35 
  87 -4.39 -4.17 -4.35 
  88 -4.34 -4.16 -4.35 
  89 -4.34 -4.18 -4.34 
  90 -4.35 -4.18 -4.34 
  91 -4.31 -4.21 -4.34 
  92 -4.32 -4.19 -4.31 
  93 -4.30 -4.18 -4.31 
  94 -4.28 -4.14 -4.30 
  95 -4.28 -4.11 -4.28 
  96 -4.29 -4.07 -4.28 
  97 -4.29 -4.04 -4.28 
  98 -4.28 -4.07 -4.28 
  99 -4.26 -4.04 -4.28 
 100 -4.22 -4.03 -4.26 
 101 -4.27 -4.10 -4.22 
 102 -4.25 -4.06 -4.22 
 103 -4.27 -4.06 -4.22 
 104 -4.26 -4.07 -4.22 
 105 -4.23 -3.99 -4.22 
 106 -4.21 -4.01 -4.22 
 107 -4.24 -3.99 -4.21 
 108 -4.21 -3.90 -4.21 
 109 -4.26 -3.87 -4.21 
 110 -4.21 -3.91 -4.21 
 111 -4.22 -3.87 -4.21 
 112 -4.20 -3.87 -4.21 
 113 -4.23 -3.82 -4.20 
 114 -4.19 -3.84 -4.20 
 115 -4.19 -3.84 -4.19 
 116 -4.19 -3.83 -4.19 
 117 -4.17 -3.82 -4.19 
 118 -4.19 -3.81 -4.17 
 119 -4.15 -3.78 -4.17 
 120 -4.15 -3.72 -4.15 
 121 -4.17 -3.72 -4.15 
 122 -4.17 -3.76 -4.15 
 123 -4.14 -3.73 -4.15 
 124 -4.12 -3.70 -4.14 
 125 -4.11 -3.72 -4.12 
 126 -4.10 -3.71 -4.11 
 127 -4.09 -3.71 -4.10 
 128 -4.08 -3.68 -4.09 
 129 -4.12 -3.71 -4.08 
 130 -4.09 -3.72 -4.08 
 131 -4.07 -3.71 -4.08 
 132 -4.08 -3.71 -4.07 
 133 -4.09 -3.69 -4.07 
 134 -4.07 -3.71 -4.07 
 135 -4.06 -3.73 -4.07 
 136 -4.01 -3.70 -4.06 
 137 -4.06 -3.69 -4.01 
 138 -4.02 -3.64 -4.01 
 139 -4.04 -3.64 -4.01 
 140 -4.04 -3.62 -4.01 
 141 -3.99 -3.60 -4.01 
 142 -4.00 -3.55 -3.99 
 143 -4.00 -3.57 -3.99 
 144 -3.99 -3.52 -3.99 
 145 -3.98 -3.51 -3.99 
 146 -3.99 -3.48 -3.98 
 147 -3.96 -3.46 -3.98 
 148 -3.92 -3.46 -3.96 
 149 -3.94 -3.49 -3.92 
 150 -3.97 -3.51 -3.92 
 151 -3.91 -3.51 -3.92 
 152 -3.92 -3.47 -3.91 
 153 -3.90 -3.48 -3.91 
 154 -3.90 -3.44 -3.90 
 155 -3.90 -3.43 -3.90 
 156 -3.88 -3.39 -3.90 
 157 -3.86 -3.38 -3.88 
 158 -3.83 -3.39 -3.86 
 159 -3.89 -3.38 -3.83 
 160 -3.85 -3.37 -3.83 
 161 -3.83 -3.38 -3.83 
 162 -3.84 -3.36 -3.83 
 163 -3.83 -3.34 -3.83 
 164 -3.81 -3.34 -3.83 
 165 -3.85 -3.30 -3.81 
 166 -3.80 -3.33 -3.81 
 167 -3.81 -3.34 -3.80 
 168 -3.76 -3.37 -3.80 
 169 -3.78 -3.32 -3.76 
 170 -3.78 -3.29 -3.76 
 171 -3.77 -3.30 -3.76 
 172 -3.75 -3.29 -3.76 
 173 -3.77 -3.28 -3.75 
 174 -3.75 -3.28 -3.75 
 175 -3.73 -3.27 -3.75 
 176 -3.70 -3.27 -3.73 
 177 -3.73 -3.26 -3.70 
 178 -3.74 -3.28 -3.70 
 179 -3.70 -3.27 -3.70 
 180 -3.69 -3.29 -3.70 
 181 -3.74 -3.29 -3.69 
 182 -3.72 -3.28 -3.69 
 183 -3.71 -3.30 -3.69 
 184 -3.73 -3.28 -3.69 
 185 -3.69 -3.26 -3.69 
 186 -3.71 -3.23 -3.69 
 187 -3.67 -3.25 -3.69 
 188 -3.72 -3.23 -3.67 
 189 -3.68 -3.21 -3.67 
 190 -3.71 -3.22 -3.67 
 191 -3.71 -3.23 -3.67 
 192 -3.67 -3.20 -3.67 
 193 -3.65 -3.20 -3.67 
 194 -3.68 -3.19 -3.65 
 195 -3.68 -3.17 -3.65 
 196 -3.65 -3.18 -3.65 
 197 -3.66 -3.17 -3.65 
 198 -3.61 -3.17 -3.65 
 199 -3.62 -3.16 -3.61 
 200 -3.64 -3.16 -3.61 
 201 -3.60 -3.19 -3.61 
 202 -3.61 -3.15 -3.60 
 203 -3.63 -3.16 -3.60 
 204 -3.55 -3.17 -3.60 
 205 -3.58 -3.15 -3.55 
 206 -3.59 -3.17 -3.55 
 207 -3.57 -3.17 -3.55 
 208 -3.60 -3.15 -3.55 
 209 -3.58 -3.15 -3.55 
 210 -3.53 -3.14 -3.55 
 211 -3.57 -3.13 -3.53 
 212 -3.52 -3.13 -3.53 
 213 -3.54 -3.11 -3.52 
 214 -3.54 -3.14 -3.52 
 215 -3.51 -3.11 -3.52 
 216 -3.53 -3.11 -3.51 
 217 -3.51 -3.09 -3.51 
 218 -3.53 -3.10 -3.51 
 219 -3.51 -3.11 -3.51 
 220 -3.51 -3.11 -3.51 
 221 -3.45 -3.10 -3.51 
 222 -3.50 -3.09 -3.45 
 223  0.70 -3.09 -3.45 
 224 -3.54 -3.08  0.70 
 225 -3.52 -3.07  0.70 
 226 -3.49 -3.06  0.70 
 227 -3.51 -3.07  0.70 
 228 -3.52 -3.08  0.70 
 229 -3.51 -3.07  0.70 
 230 -3.47 -3.09  0.70 
 231 -3.49 -3.08  0.70 
 232 -3.48 -3.09  0.70 
 233 -3.48 -3.08  0.70 
 234 -3.42 -3.08  0.70 
 235 -3.48 -3.08  0.70 
 236 -3.45 -3.10  0.70 
 237 -3.47 -3.08  0.70 
 238 -3.47 -3.08  0.70 
 239 -3.46 -3.06  0.70 
 240 -2.85 -3.07  0.70 
 241 -3.45 -3.07  0.70 
 242 -3.43 -3.05  0.70 
 243 -3.43 -3.06  0.70 
 244 -3.45 -3.08  0.70 
 245 -3.44 -3.06  0.70 
 246 -3.44 -3.07  0.70 
 247 -0.82 -3.07  0.70 
 248 -3.45 -3.05  0.70 
 249 -3.43 -3.08  0.70 
 250  1.45 -3.07  0.70 
 251 -3.46 -3.06  1.45 
 252 -3.42 -3.09  1.45 
 253 -3.43 -3.07  1.45 
 254 -3.42 -3.06  1.45 
 255 -3.41 -3.03  1.45 
 256 -3.43 -3.04  1.45 
 257 -3.43 -3.04  1.45 
 258 -3.42 -3.04  1.45 
 259 -1.42 -3.04  1.45 
 260 -3.40 -3.04  1.45 
 261 -3.43 -3.06  1.45 
 262 -3.39 -3.05  1.45 
 263 -1.77 -3.05  1.45 
 264 -3.40 -3.05  1.45 
 265 -3.41 -3.06  1.45 
 266 -3.42 -3.06  1.45 
 267 -3.41 -3.04  1.45 
 268 -3.45 -3.03  1.45 
 269 -3.39 -3.04  1.45 
 270 -3.40 -3.03  1.45 
 271 -3.40 -3.04  1.45 
 272 -3.40 -3.04  1.45 
 273 -2.40 -3.05  1.45 
 274 -3.39 -3.04  1.45 
 275 -3.42 -3.04  1.45 
 276 -3.40 -3.05  1.45 
 277 -3.40 -3.05  1.45 
 278 -3.43 -3.05  1.45 
 279  0.92 -3.08  1.45 
 280 -3.39 -3.07  1.45 
 281 -3.43 -3.05  1.45 
 282 -3.39 -3.06  1.45 
 283 -3.39 -3.04  1.45 
 284 -3.19 -3.05  1.45 
 285 -3.39 -3.04  1.45 
 286 -3.38 -3.04  1.45 
 287 -3.38 -3.04  1.45 
 288 -3.37 -3.05  1.45 
 289 -3.37 -3.04  1.45 
 290 -3.36 -3.03  1.45 
 291 -3.38 -3.05  1.45 
 292 -3.36 -3.05  1.45 
 293 -3.39 -3.05  1.45 
 294  1.21 -3.05  1.45 
 295 -3.37 -3.06  1.45 
 296 -3.36 -3.05  1.45 
 297 -2.09 -3.05  1.45 
 298 -3.37 -3.06  1.45 
 299 -3.40 -3.07  1.45 
 300 -3.34 -3.06  1.45 
 301 -3.36 -3.03  1.45 
 302 -3.35 -3.03  1.45 
 303 -3.35 -3.02  1.45 
 304 -3.35 -3.02  1.45 
 305 -3.36 -3.02  1.45 
 306 -3.36 -3.02  1.45 
 307 -3.36 -3.03  1.45 
 308 -3.32 -3.01  1.45 
 309 -2.28 -3.01  1.45 
 310 -3.33 -3.02  1.45 
 311 -3.34 -3.01  1.45 
 312 -3.36 -3.01  1.45 
 313 -3.33 -2.99  1.45 
 314 -3.33 -3.00  1.45 
 315 -3.34 -2.99  1.45 
 316 -3.33 -2.99  1.45 
 317 -3.31 -2.98  1.45 
 318 -1.15 -2.98  1.45 
 319 -3.34 -2.97  1.45 
 320  0.26 -2.99  1.45 
 321 -3.32 -2.98  1.45 
 322 -3.35 -2.98  1.45 
 323 -3.31 -2.98  1.45 
 324 -3.31 -2.99  1.45 
 325 -0.74 -2.99  1.45 
 326 -3.32 -2.98  1.45 
 327 -0.11 -3.00  1.45 
 328 -3.32 -2.99  1.45 
 329 -3.34 -3.00  1.45 
 330 -3.30 -2.98  1.45 
 331 -3.34 -3.00  1.45 
 332 -3.35 -2.98  1.45 
 333 -0.51 -2.99  1.45 
 334 -2.37 -2.99  1.45 
 335 -2.93 -2.99  1.45 
 336 -0.63 -2.99  1.45 
 337 -2.54 -3.00  1.45 
 338 -1.21 -2.99  1.45 
 339  0.84 -3.00  1.45 
 340 -3.34 -2.99  1.45 
 341 -3.35 -3.00  1.45 
 342 -1.22 -2.99  1.45 
 343 -3.33 -2.99  1.45 
 344  0.63 -2.99  1.45 
 345  0.92 -3.01  1.45 
 346 -2.73 -3.01  1.45 
 347  0.06 -3.00  1.45 
 348 -3.32 -3.00  1.45 
 349  0.96 -3.01  1.45 
 350  1.33 -3.00  1.45 
 351 -0.33 -3.00  1.45 
 352 -1.95 -3.02  1.45 
 353 -3.30 -3.01  1.45 
 354 -3.32 -3.01  1.45 
 355  0.23 -3.00  1.45 
 356  1.22 -3.01  1.45 
 357  0.65 -3.00  1.45 
 358 -3.13 -3.01  1.45 
 359 -3.33 -3.00  1.45 
 360 -3.31 -2.99  1.45 
 361 -3.28 -2.98  1.45 
 362 -3.33 -2.98  1.45 
 363  0.01 -2.99  1.45 
 364 -3.33 -3.00  1.45 
 365 -3.31 -2.99  1.45 
 366  1.23 -3.01  1.45 
 367 -3.30 -3.01  1.45 
 368 -3.31 -3.02  1.45 
 369 -3.34 -3.02  1.45 
 370 -0.35 -3.02  1.45 
 371  0.66 -3.02  1.45 
 372 -3.31 -3.01  1.45 
 373 -3.31 -3.01  1.45 
 374 -3.31 -2.99  1.45 
 375  1.02 -3.01  1.45 
 376  0.11 -3.01  1.45 
 377 -3.31 -3.00  1.45 
 378 -3.30 -3.00  1.45 
 379 -3.31 -3.00  1.45 
 380 -3.30 -2.98  1.45 
 381 -3.08 -2.99  1.45 
 382 -3.32 -2.98  1.45 
 383 -3.31 -2.97  1.45 
 384 -3.31 -2.97  1.45 
 385 -3.31 -2.97  1.45 
 386 -3.30 -2.98  1.45 
 387  1.37 -2.96  1.45 
 388 -0.09 -2.97  1.45 
 389 -3.30 -2.97  1.45 
 390  1.46 -2.98  1.45 
 391 -2.69 -2.97  1.46 
 392  1.18 -2.97  1.46 
 393 -3.33 -2.96  1.46 
 394 -3.27 -2.97  1.46 
 395  1.32 -2.96  1.46 
 396 -1.88 -2.97  1.46 
 397 -3.29 -2.95  1.46 
 398  0.13 -2.95  1.46 
 399 -3.30 -2.94  1.46 
 400 -2.65 -2.94  1.46 
 401 -3.28 -2.93  1.46 
 402 -0.23 -2.95  1.46 
 403 -3.28 -2.95  1.46 
 404 -3.26 -2.94  1.46 
 405 -2.45 -2.93  1.46 
 406 -3.29 -2.94  1.46 
 407 -2.44 -2.94  1.46 
 408 -3.27 -2.94  1.46 
 409 -0.63 -2.94  1.46 
 410  1.07 -2.93  1.46 
 411 -3.30 -2.94  1.46 
 412  1.44 -2.94  1.46 
 413 -3.29 -2.94  1.46 
 414 -1.21 -2.95  1.46 
 415  1.13 -2.95  1.46 
 416 -1.59 -2.95  1.46 
 417  1.50 -2.95  1.46 
 418 -3.31 -2.94  1.50 
 419  0.12 -2.94  1.50 
 420 -0.15 -2.95  1.50 
 421  1.36 -2.95  1.50 
 422  0.45 -2.95  1.50 
 423 -3.37 -2.95  1.50 
 424 -3.36 -2.94  1.50 
 425 -3.32 -2.93  1.50 
 426 -3.34 -2.94  1.50 
 427  1.12 -2.94  1.50 
 428  1.54 -2.94  1.50 
 429 -2.84 -2.94  1.54 
 430  0.80 -2.93  1.54 
 431  0.90 -2.93  1.54 
 432 -3.32 -2.93  1.54 
 433 -0.37 -2.94  1.54 
 434  0.92 -2.93  1.54 
 435 -3.33 -2.95  1.54 
 436 -0.43 -2.94  1.54 
 437  1.26 -2.95  1.54 
 438 -3.29 -2.96  1.54 
 439 -3.31 -2.95  1.54 
 440 -3.27 -2.97  1.54 
 441 -3.31 -2.95  1.54 
 442  1.69 -2.96  1.54 
 443  1.52 -2.95  1.69 
 444 -3.29 -2.97  1.69 
 445 -3.32 -2.96  1.69 
 446 -3.34 -2.94  1.69 
 447 -3.29 -2.94  1.69 
 448  0.26 -2.94  1.69 
 449  0.49 -2.94  1.69 
 450 -3.28 -2.92  1.69 
 451 -3.27 -2.92  1.69 
 452  0.72 -2.94  1.69 
 453 -3.27 -2.93  1.69 
 454  1.33 -2.95  1.69 
 455 -3.28 -2.93  1.69 
 456 -3.31 -2.93  1.69 
 457  1.04 -2.93  1.69 
 458 -0.65 -2.94  1.69 
 459 -1.73 -2.95  1.69 
 460 -2.79 -2.94  1.69 
 461  0.04 -2.94  1.69 
 462 -3.28 -2.92  1.69 
 463 -3.29 -2.92  1.69 
 464 -0.38 -2.94  1.69 
 465  0.84 -2.96  1.69 
 466  1.47 -2.94  1.69 
 467 -3.28 -2.94  1.69 
 468  0.28 -2.95  1.69 
 469 -3.27 -2.95  1.69 
 470  0.03 -2.95  1.69 
 471  1.12 -2.95  1.69 
 472  0.91 -2.96  1.69 
 473 -3.29 -2.96  1.69 
 474  1.31 -2.97  1.69 
 475  0.19 -2.97  1.69 
 476  1.07 -2.97  1.69 
 477 -1.74 -2.99  1.69 
 478 -1.91 -2.97  1.69 
 479 -1.05 -2.99  1.69 
 480 -1.09 -2.96  1.69 
 481 -1.02 -2.96  1.69 
 482  0.80 -2.97  1.69 
 483 -3.26 -2.97  1.69 
 484 -3.26 -2.97  1.69 
 485 -1.71 -2.97  1.69 
 486 -3.26  2.38  1.69 
 487  1.00 -2.99  1.69 
 488  0.86 -2.98  1.69 
 489  0.18 -2.98  1.69 
 490 -0.05 -2.98  1.69 
 491 -0.66 -2.99  1.69 
 492  1.16 -2.98  1.69 
 493  1.55 -2.97  1.69 
 494  0.82 -2.98  1.69 
 495  1.15 -2.98  1.69 
 496  1.53 -2.98  1.69 
 497  1.72 -2.97  1.69 
 498 -3.29 -2.98  1.72 
 499  1.58 -2.99  1.72 
 500 -0.21 -2.99  1.72 
 501 -3.27 -3.00  1.72 
 502  0.43 -3.01  1.72 
 503  0.43 -3.00  1.72 
 504 -3.31 -3.00  1.72 
 505 -3.30 -3.01  1.72 
 506 -3.31 -3.01  1.72 
 507 -3.33 -3.00  1.72 
 508 -3.30 -3.00  1.72 
 509 -3.35 -3.01  1.72 
 510 -3.30 -3.00  1.72 
 511 -3.30 -2.99  1.72 
 512  1.79 -3.01  1.72 
 513 -3.29 -3.00  1.79 
 514 -3.32 -3.01  1.79 
 515  1.28 -3.01  1.79 
 516 -3.28 -3.01  1.79 
 517 -3.29 -2.99  1.79 
 518 -3.29 -2.99  1.79 
 519  2.09 -2.99  1.79 
 520 -3.27 -3.01  2.09 
 521 -3.29 -3.02  2.09 
 522 -3.28 -2.99  2.09 
 523 -3.27 -2.99  2.09 
 524 -3.27 -2.99  2.09 
 525 -3.26 -2.99  2.09 
 526 -3.26 -2.98  2.09 
 527 -3.28 -2.97  2.09 
 528 -3.28 -2.98  2.09 
 529 -3.29 -2.98  2.09 
 530 -0.62 -2.98  2.09 
 531 -1.88 -2.98  2.09 
 532 -3.26 -2.98  2.09 
 533  0.07 -2.98  2.09 
 534 -3.27 -2.99  2.09 
 535 -3.25 -2.99  2.09 
 536 -2.36 -2.98  2.09 
 537 -3.30 -2.98  2.09 
 538 -3.28 -2.98  2.09 
 539 -3.26 -2.99  2.09 
 540 -3.29 -3.00  2.09 
 541 -0.81 -2.98  2.09 
 542 -0.74 -2.99  2.09 
 543  0.01 -3.00  2.09 
 544  1.89 -2.99  2.09 
 545 -3.26 -2.99  2.09 
 546 -2.58 -3.00  2.09 
 547 -3.29 -3.01  2.09 
 548  1.89 -2.99  2.09 
 549  0.06 -2.98  2.09 
 550 -0.60 -2.98  2.09 
 551 -3.26 -2.97  2.09 
 552  2.08 -2.97  2.09 
 553 -3.24 -2.98  2.09 
 554 -1.70 -2.98  2.09 
 555  1.96 -2.96  2.09 
 556 -3.27 -2.96  2.09 
 557  1.41 -2.97  2.09 
 558  1.48 -2.96  2.09 
 559 -3.28 -2.99  2.09 
 560  0.59 -2.97  2.09 
 561 -2.61 -2.97  2.09 
 562 -3.26 -2.96  2.09 
 563  1.96 -2.96  2.09 
 564 -3.28 -2.95  2.09 
 565 -0.63 -2.97  2.09 
 566 -3.25 -2.98  2.09 
 567 -3.29 -2.98  2.09 
 568 -3.24 -2.97  2.09 
 569 -3.27 -2.98  2.09 
 570 -3.25 -2.98  2.09 
 571 -0.68 -3.00  2.09 
 572 -0.79 -3.00  2.09 
 573 -3.26 -3.00  2.09 
 574 -3.25 -3.00  2.09 
 575 -3.25 -2.99  2.09 
 576 -2.79 -2.98  2.09 
 577  1.25 -2.97  2.09 
 578 -3.24 -2.97  2.09 
 579  1.25 -2.97  2.09 
 580 -3.28 -2.97  2.09 
 581 -3.26 -2.98  2.09 
 582  0.33 -2.97  2.09 
 583 -3.27 -2.98  2.09 
 584 -1.70 -2.98  2.09 
 585 -3.26 -2.98  2.09 
 586 -1.92 -2.98  2.09 
 587 -3.27 -2.97  2.09 
 588 -3.26 -2.96  2.09 
 589 -3.23 -2.96  2.09 
 590 -3.28 -2.98  2.09 
 591 -3.27 -2.98  2.09 
 592 -3.26 -2.97  2.09 
 593 -3.26 -2.98  2.09 
 594  1.79 -2.98  2.09 
 595 -1.13 -2.98  2.09 
 596 -3.27 -2.98  2.09 
 597 -0.15 -2.98  2.09 
 598 -3.28 -2.98  2.09 
 599 -3.23 -3.01  2.09 
 600 -1.48 -3.01  2.09 
 601 -3.24 -3.00  2.09 
 602 -1.03 -2.99  2.09 
 603 -3.25 -3.00  2.09 
 604 -0.69 -3.01  2.09 
 605 -3.24 -2.99  2.09 
 606 -3.25 -3.00  2.09 
 607 -3.24 -2.99  2.09 
 608  1.23 -2.99  2.09 
 609  1.41 -2.98  2.09 
 610 -3.24 -2.97  2.09 
 611 -3.24 -2.99  2.09 
 612 -2.09 -2.98  2.09 
 613 -1.26 -3.00  2.09 
 614 -3.27 -2.98  2.09 
 615 -1.28 -2.98  2.09 
 616 -3.25 -2.99  2.09 
 617 -0.57 -2.98  2.09 
 618 -3.26 -2.97  2.09 
 619  0.08 -2.96  2.09 
 620 -3.23 -2.95  2.09 
 621 -3.28 -2.96  2.09 
 622 -0.49 -2.95  2.09 
 623  1.49 -2.97  2.09 
 624  1.53 -2.96  2.09 
 625 -3.29 -2.96  2.09 
 626 -3.28 -2.94  2.09 
 627 -3.26 -2.96  2.09 
 628  1.80 -2.97  2.09 
 629 -3.27 -2.97  2.09 
 630 -3.28 -2.96  2.09 
 631 -3.31 -2.97  2.09 
 632  0.84 -2.97  2.09 
 633 -0.75 -3.00  2.09 
 634 -3.27 -3.00  2.09 
 635 -3.29 -2.99  2.09 
 636  1.43 -2.98  2.09 
 637  1.02 -2.99  2.09 
 638 -0.21 -3.00  2.09 
 639  1.83 -3.00  2.09 
 640 -2.57 -2.98  2.09 
 641  1.49 -2.98  2.09 
 642 -0.77 -2.99  2.09 
 643 -3.30 -3.00  2.09 
 644 -0.74 -2.99  2.09 
 645 -0.60 -2.99  2.09 
 646  0.99 -2.99  2.09 
 647 -2.84 -3.01  2.09 
 648  1.41 -3.02  2.09 
 649 -3.26 -3.02  2.09 
 650 -3.23 -3.03  2.09 
 651 -3.29 -3.01  2.09 
 652 -2.12 -3.02  2.09 
 653 -3.28 -2.99  2.09 
 654 -0.29 -2.99  2.09 
 655 -3.26 -2.99  2.09 
 656  0.55 -3.00  2.09 
 657  1.57 -3.00  2.09 
 658  0.09 -2.97  2.09 
 659 -3.29 -2.98  2.09 
 660  0.59 -3.01  2.09 
 661 -1.25 -3.01  2.09 
 662  1.44 -3.00  2.09 
 663 -2.98 -3.01  2.09 
 664  1.91 -3.02  2.09 
 665  1.29 -3.00  2.09 
 666  1.30 -3.00  2.09 
 667 -3.29 -3.01  2.09 
 668 -2.77 -3.00  2.09 
 669 -3.27 -3.00  2.09 
 670 -3.28 -3.01  2.09 
 671  1.86 -3.03  2.09 
 672 -3.27 -3.03  2.09 
 673  0.17 -3.03  2.09 
 674 -0.54 -3.02  2.09 
 675 -3.27 -3.02  2.09 
 676  1.05 -3.01  2.09 
 677  2.08 -3.05  2.09 
 678  2.02 -3.05  2.09 
 679 -3.27 -3.03  2.09 
 680 -2.31 -3.02  2.09 
 681 -0.70 -3.01  2.09 
 682 -3.25 -3.02  2.09 
 683  1.61 -3.00  2.09 
 684 -3.29 -3.00  2.09 
 685  2.07 -3.00  2.09 
 686  0.92 -3.03  2.09 
 687 -3.27 -3.02  2.09 
 688  2.35 -3.02  2.09 
 689 -3.25 -3.03  2.35 
 690 -3.30 -3.02  2.35 
 691 -3.26 -3.01  2.35 
 692 -1.39 -3.03  2.35 
 693 -3.26 -3.00  2.35 
 694 -3.26 -3.01  2.35 
 695 -3.23 -3.01  2.35 
 696 -3.27 -3.01  2.35 
 697 -3.28 -3.00  2.35 
 698  0.34 -3.00  2.35 
 699 -3.26 -3.02  2.35 
 700 -3.24 -3.00  2.35 
 701 -3.28 -2.99  2.35 
 702 -3.28 -2.99  2.35 
 703 -3.30 -3.00  2.35 
 704 -3.27 -3.00  2.35 
 705 -3.27 -2.99  2.35 
 706  0.71 -2.98  2.35 
 707 -3.24 -2.98  2.35 
 708 -3.27 -2.99  2.35 
 709  1.79 -2.99  2.35 
 710 -0.06 -3.00  2.35 
 711 -3.27 -3.00  2.35 
 712 -3.27 -2.99  2.35 
 713 -3.25 -2.99  2.35 
 714 -3.27 -3.00  2.35 
 715 -3.27 -2.98  2.35 
 716 -3.30 -2.99  2.35 
 717 -3.27 -2.98  2.35 
 718 -3.25 -2.98  2.35 
 719 -3.30 -2.99  2.35 
 720 -3.27 -2.99  2.35 
 721 -3.27 -2.99  2.35 
 722 -3.26 -2.97  2.35 
 723 -3.25 -2.97  2.35 
 724 -3.25 -2.97  2.35 
 725 -3.25 -2.97  2.35 
 726 -3.23 -2.97  2.35 
 727 -0.27 -2.97  2.35 
 728 -3.24 -2.99  2.35 
 729 -3.25 -2.97  2.35 
 730 -3.24 -2.97  2.35 
 731 -3.25 -2.98  2.35 
 732 -3.28 -2.99  2.35 
 733 -3.24 -2.97  2.35 
 734 -3.22 -2.98  2.35 
 735 -3.22 -2.98  2.35 
 736 -3.23 -2.98  2.35 
 737 -3.24 -2.98  2.35 
 738 -3.23 -2.98  2.35 
 739 -1.14 -2.97  2.35 
 740 -3.22 -2.97  2.35 
 741 -3.25 -2.98  2.35 
 742  1.76 -2.97  2.35 
 743  2.00 -2.98  2.35 
 744 -3.23 -2.99  2.35 
 745 -3.26 -2.98  2.35 
 746 -3.23 -2.96  2.35 
 747 -3.23 -2.96  2.35 
 748 -3.28 -2.96  2.35 
 749 -3.23 -2.96  2.35 
 750 -3.22 -2.96  2.35 
 751 -3.25 -2.96  2.35 
 752 -3.21 -2.97  2.35 
 753 -3.22 -2.96  2.35 
 754 -3.22 -2.97  2.35 
 755 -3.22 -2.95  2.35 
 756 -3.23 -2.96  2.35 
 757  2.26 -2.99  2.35 
 758 -3.20 -2.97  2.35 
 759 -3.22 -2.97  2.35 
 760 -3.20 -2.97  2.35 
 761 -3.22 -2.97  2.35 
 762 -3.23 -2.97  2.35 
 763 -3.23 -2.97  2.35 
 764 -3.20 -2.97  2.35 
 765 -3.20 -2.97  2.35 
 766 -3.19 -2.96  2.35 
 767 -3.19 -2.96  2.35 
 768 -3.18 -2.98  2.35 
 769 -3.21 -2.96  2.35 
 770 -3.19 -2.96  2.35 
 771 -3.19 -2.96  2.35 
 772 -3.20 -2.96  2.35 
 773 -3.20 -2.97  2.35 
 774 -3.19 -2.96  2.35 
 775 -3.20 -2.98  2.35 
 776 -3.18 -2.98  2.35 
 777 -3.19 -2.96  2.35 
 778 -3.18 -2.95  2.35 
 779 -3.18 -2.95  2.35 
 780  1.95 -2.95  2.35 
 781 -3.17 -2.95  2.35 
 782 -3.18 -2.94  2.35 
 783 -3.21 -2.95  2.35 
 784 -3.18 -2.95  2.35 
 785  2.11 -2.94  2.35 
 786  1.68 -2.95  2.35 
 787 -3.18 -2.96  2.35 
 788 -0.93 -2.96  2.35 
 789 -0.41 -2.96  2.35 
 790 -3.18 -2.97  2.35 
 791 -3.21 -2.96  2.35 
 792 -3.19 -2.97  2.35 
 793 -3.17 -2.96  2.35 
 794 -3.18 -2.96  2.35 
 795 -3.20 -2.95  2.35 
 796 -1.30 -2.96  2.35 
 797 -3.18 -2.96  2.35 
 798 -3.22 -2.97  2.35 
 799 -3.19 -2.95  2.35 
 800  2.17 -2.96  2.35 
 801 -3.19 -2.97  2.35 
 802 -3.19 -2.96  2.35 
 803 -3.17 -2.97  2.35 
 804 -3.18 -2.95  2.35 
 805 -3.16 -2.94  2.35 
 806 -2.72 -2.95  2.35 
 807 -3.19 -2.94  2.35 
 808 -3.18 -2.94  2.35 
 809 -1.68 -2.95  2.35 
 810 -3.17 -2.95  2.35 
 811 -3.21 -2.96  2.35 
 812 -3.21 -2.95  2.35 
 813  2.24 -2.95  2.35 
 814 -2.69 -2.93  2.35 
 815 -3.17 -2.95  2.35 
 816 -3.16 -2.94  2.35 
 817 -3.16 -2.93  2.35 
 818 -3.15 -2.93  2.35 
 819 -3.17 -2.92  2.35 
 820 -3.15 -2.93  2.35 
 821 -1.00 -2.93  2.35 
 822 -3.16 -2.92  2.35 
 823 -3.12 -2.91  2.35 
 824  1.03 -2.91  2.35 
 825  1.19 -2.92  2.35 
 826  1.39 -2.92  2.35 
 827 -1.37 -2.92  2.35 
 828  1.65 -2.94  2.35 
 829  1.95 -2.90  2.35 
 830 -1.82 -2.92  2.35 
 831 -3.16 -2.91  2.35 
 832 -1.79 -2.91  2.35 
 833 -1.87 -2.91  2.35 
 834  1.94 -2.92  2.35 
 835  1.64 -2.93  2.35 
 836  2.15 -2.93  2.35 
 837  1.94 -2.92  2.35 
 838 -3.16 -2.91  2.35 
 839 -3.18 -2.92  2.35 
 840 -3.17 -2.94  2.35 
 841 -3.14 -2.92  2.35 
 842 -3.16 -2.92  2.35 
 843 -3.17 -2.94  2.35 
 844 -3.18 -2.94  2.35 
 845  2.18 -2.94  2.35 
 846 -3.15 -2.94  2.35 
 847  1.99 -2.94  2.35 
 848 -3.15 -2.94  2.35 
 849 -3.16 -2.92  2.35 
 850 -3.18 -2.93  2.35 
 851 -3.18 -2.92  2.35 
 852 -0.24 -2.92  2.35 
 853 -2.25 -2.94  2.35 
 854  0.06 -2.94  2.35 
 855 -3.16 -2.93  2.35 
 856 -3.15 -2.93  2.35 
 857 -3.17 -2.93  2.35 
 858 -3.18 -2.92  2.35 
 859 -3.19 -2.91  2.35 
 860  1.97 -2.92  2.35 
 861 -3.18 -2.94  2.35 
 862 -3.20 -2.94  2.35 
 863 -3.17 -2.92  2.35 
 864 -3.19 -2.92  2.35 
 865  0.96 -2.93  2.35 
 866 -3.18 -2.93  2.35 
 867 -3.17 -2.93  2.35 
 868 -3.18 -2.94  2.35 
 869 -0.03 -2.94  2.35 
 870 -0.99 -2.91  2.35 
 871 -3.18 -2.92  2.35 
 872 -3.20 -2.92  2.35 
 873  1.05 -2.93  2.35 
 874 -3.17 -2.92  2.35 
 875 -3.18 -2.92  2.35 
 876 -3.19 -2.92  2.35 
 877  2.00 -2.92  2.35 
 878 -3.18 -2.92  2.35 
 879 -3.17 -2.95  2.35 
 880 -3.19 -2.94  2.35 
 881 -3.20 -2.92  2.35 
